--  ----------------  ------  ---------  ---------  ---------  -------  --  ----  ----  -----  -------  -----------  --------------  -----  ------
 0  우리기술투자      147.4        0.94       1.19       4.79  7,374     1   6     4     11    8,790    35,321        401.8           4.15  코스닥
 1  웨이브일렉트로    128.95       1.15       1.49      64.82  4,072     2  12     6     20    6,080    263,947      4341.2           0.91  코스닥
 2  휴마시스          120.63       2.78       3.71      12.04  4,418     3  54    19     76    16,400   53,192        324.3           5.13  코스닥
 3  NAVER             106.72       2.01       3.15       5.64  100,400   4  33    13.5   50.5  316,500  566,256       178.9          54.62  코스피
 4  엑세스바이오      102.45       2.2        3.32      12.04  5,223     5  40.5  15     60.5  17,350   62,884        362.4           4.9   코스닥
 5  HMM                88.62       1.23       1.89       2.9   13,754    6  14     8     28    25,950   39,886        153.7          10.82  코스피
 6  성안               87.37       1.24       2.07       6.23  381       7  15     9     31    787      2,373         301.5           0.09  코스피
 7  효성티앤씨         76.22       1.33       2.45       6.23  178,008   8  16    11     35    437,000  1,108,989     253.8          10.58  코스피
 8  티케이케미칼       75.04       0.69       1.32       8.59  3,860     9   5     5     19    5,080    33,157        652.7           3.15  코스닥
 9  하이골드3호        74.91  -10000     -10000     -10000     -10000   10   1.5   1.5   13    2,770    100,000,000     3.61011e+06   0.31  코스피
10  인바이오젠         73.56       1.04       1.64       6.23  1,658    11   8     7     26    2,720    10,329        379.7           0.77  코스피
11  태웅로직스         70.54       1.47       2.91       2.9   3,259    12  21    12     45    9,480    9,451          99.7           0.65  코스닥
12  랩지노믹스         70.1        2.19       4.16      12.04  2,441    13  38.5  25     76.5  10,150   29,389        289.5           2.52  코스닥
13  위메이드           69.74       5.28      10.84      22.15  9,217    14  73    64    151    99,900   204,156       204.4           6.13  코스닥
14  애니플러스         64.68       2.66       6.11      56.28  701      15  48    36     99    4,285    39,452        920.7           4.97  코스닥
15  씨젠               62.15       2.34       4.77      12.04  10,274   16  45.5  29     90.5  49,050   123,698       252.2          16.71  코스닥
16  인텍플러스         55.58       6.04      14.05      10.46  1,787    17  76    72    165    25,100   18,692         74.5           0.27  코스닥
17  효성첨단소재       54.69       3.91       9.45       8.59  55,960   18  67    53    138    529,000  480,696        90.9           7.14  코스피
18  에이티넘인베스트   54.18       1.54       3.57       4.79  1,375    19  23.5  17     59.5  4,910    6,586         134.1           5.67  코스닥
19  아이에스이커머스   53.11       3.18       7.6       20.16  1,102    20  61    43    124    8,380    22,216        265.1           0.28  코스닥
20  파인테크닉스       53          4.75      12.16      29.8   1,143    21  71    66    158    13,900   34,061        245             1.13  코스닥
21  버킷스튜디오       52.3        1.54       3.15      29.8   1,213    22  23.5  13.5   59    3,825    36,147        945             2.56  코스닥
22  웅진               49.76       2.2        5.81       7.8   289      23  40.5  34     97.5  1,680    2,254         134.2           0.77  코스피
23  인카금융서비스     49.26       1.97       4.98       7.65  3,648    24  32    31     87    18,150   27,907        153.8           0.33  코스닥
24  주성엔지니어링     48.74       3.11       7.89      10.46  3,016    25  60    49    134    23,800   31,547        132.6          13.86  코스닥
25  제놀루션           47.94       1.59       4.01      18.67  3,595    26  26    22     74    14,400   67,118        466.1           0.21  코스닥
26  에이피티씨         45.6        4.18      11.26      10.46  1,968    27  68    65    160    22,150   20,585         92.9           2.68  코스닥
27  코나아이           45.5        2.78       7.74      37.3   3,378    28  54    46    128    26,150   125,999       481.8           6.42  코스닥
28  데브시스터즈       45.11       4.66      13.81      22.15  5,279    29  70    71    170    72,900   116,929       160.4           2.36  코스닥
29  디아이씨           45.03       2.15       6.93      13.18  745      30  36.5  39    105.5  5,160    9,819         190.3           2.23  코스피
--  ----------------  ------  ---------  ---------  ---------  -------  --  ----  ----  -----  -------  -----------  --------------  -----  ------############################################################
         회사명     ROE   최근PBR   최근PER   업종PER    최근EPS  ROE_RANK  PBR_RANK  PER_RANK   RANK      현재가         예상시가        GAP  외국인비율 Market
0     우리기술투자  147.40    0.94    1.19    4.79    7,374       1.0       6.0       4.0   11.0    8,790       35,321      401.8   4.15    코스닥
1    웨이브일렉트로  128.95    1.15    1.49   64.82    4,072       2.0      12.0       6.0   20.0    6,080      263,947     4341.2   0.91    코스닥
2       휴마시스  120.63    2.78    3.71   12.04    4,418       3.0      54.0      19.0   76.0   16,400       53,192      324.3   5.13    코스닥
3      NAVER  106.72    2.01    3.15    5.64  100,400       4.0      33.0      13.5   50.5  316,500      566,256      178.9  54.62    코스피
4     엑세스바이오  102.45    2.20    3.32   12.04    5,223       5.0      40.5      15.0   60.5   17,350       62,884      362.4   4.90    코스닥
5        HMM   88.62    1.23    1.89    2.90   13,754       6.0      14.0       8.0   28.0   25,950       39,886      153.7  10.82    코스피
6         성안   87.37    1.24    2.07    6.23      381       7.0      15.0       9.0   31.0      787        2,373      301.5   0.09    코스피
7      효성티앤씨   76.22    1.33    2.45    6.23  178,008       8.0      16.0      11.0   35.0  437,000    1,108,989      253.8  10.58    코스피
8     티케이케미칼   75.04    0.69    1.32    8.59    3,860       9.0       5.0       5.0   19.0    5,080       33,157      652.7   3.15    코스닥
9     하이골드3호   74.91  -10000  -10000  -10000   -10000      10.0       1.5       1.5   13.0    2,770  100,000,000  3610108.3   0.31    코스피
10     인바이오젠   73.56    1.04    1.64    6.23    1,658      11.0       8.0       7.0   26.0    2,720       10,329      379.7   0.77    코스피
11     태웅로직스   70.54    1.47    2.91    2.90    3,259      12.0      21.0      12.0   45.0    9,480        9,451       99.7   0.65    코스닥
12     랩지노믹스   70.10    2.19    4.16   12.04    2,441      13.0      38.5      25.0   76.5   10,150       29,389      289.5   2.52    코스닥
13      위메이드   69.74    5.28   10.84   22.15    9,217      14.0      73.0      64.0  151.0   99,900      204,156      204.4   6.13    코스닥
14     애니플러스   64.68    2.66    6.11   56.28      701      15.0      48.0      36.0   99.0    4,285       39,452      920.7   4.97    코스닥
15        씨젠   62.15    2.34    4.77   12.04   10,274      16.0      45.5      29.0   90.5   49,050      123,698      252.2  16.71    코스닥
16     인텍플러스   55.58    6.04   14.05   10.46    1,787      17.0      76.0      72.0  165.0   25,100       18,692       74.5   0.27    코스닥
17    효성첨단소재   54.69    3.91    9.45    8.59   55,960      18.0      67.0      53.0  138.0  529,000      480,696       90.9   7.14    코스피
18  에이티넘인베스트   54.18    1.54    3.57    4.79    1,375      19.0      23.5      17.0   59.5    4,910        6,586      134.1   5.67    코스닥
19  아이에스이커머스   53.11    3.18    7.60   20.16    1,102      20.0      61.0      43.0  124.0    8,380       22,216      265.1   0.28    코스닥
20    파인테크닉스   53.00    4.75   12.16   29.80    1,143      21.0      71.0      66.0  158.0   13,900       34,061      245.0   1.13    코스닥
21    버킷스튜디오   52.30    1.54    3.15   29.80    1,213      22.0      23.5      13.5   59.0    3,825       36,147      945.0   2.56    코스닥
22        웅진   49.76    2.20    5.81    7.80      289      23.0      40.5      34.0   97.5    1,680        2,254      134.2   0.77    코스피
23   인카금융서비스   49.26    1.97    4.98    7.65    3,648      24.0      32.0      31.0   87.0   18,150       27,907      153.8   0.33    코스닥
24   주성엔지니어링   48.74    3.11    7.89   10.46    3,016      25.0      60.0      49.0  134.0   23,800       31,547      132.6  13.86    코스닥
25      제놀루션   47.94    1.59    4.01   18.67    3,595      26.0      26.0      22.0   74.0   14,400       67,118      466.1   0.21    코스닥
26     에이피티씨   45.60    4.18   11.26   10.46    1,968      27.0      68.0      65.0  160.0   22,150       20,585       92.9   2.68    코스닥
27      코나아이   45.50    2.78    7.74   37.30    3,378      28.0      54.0      46.0  128.0   26,150      125,999      481.8   6.42    코스닥
28    데브시스터즈   45.11    4.66   13.81   22.15    5,279      29.0      70.0      71.0  170.0   72,900      116,929      160.4   2.36    코스닥
29      디아이씨   45.03    2.15    6.93   13.18      745      30.0      36.5      39.0  105.5    5,160        9,819      190.3   2.23    코스피

############################################################
# 기업명 : 우리기술투자 
############################################################

