--  ----------------  ------  ----  -----  ------  ------  --  ----  --  -----  -------  -------  -------  -----  ------
 0  우리기술투자      147.4   0.68   3.85    8.25  1,100    1   5    23   29    4,235    9,075      214.3   6.95  코스닥
 1  휴마시스          120.63  1.47   2.05    7.27  8,977    2  35     6   43    18,400   65,262     354.7   7.73  코스닥
 2  엑세스바이오      102.45  0.61   1.06    7.27  11,511   3   4     2    9    12,250   83,684     683.1   4.43  코스닥
 3  성안               87.37  1.73   2.38    9.03  390      4  44.5   8   56.5  928      3,521      379.4   1.33  코스피
 4  효성티앤씨         76.22  1.17  10.07    9.03  35,159   5  27    49   81    354,000  317,485     89.7   8.81  코스피
 5  태웅로직스         70.54  0.93   1.79    1.18  2,883    6  14     5   25    5,150    3,401       66     0.57  코스닥
 6  랩지노믹스         70.1   1.03   2.94    7.27  2,171    7  18    13   38    6,380    15,783     247.4   2.45  코스닥
 7  위메이드           69.74  2.53   8.44   20.63  3,864    8  54    41  103    32,600   79,714     244.5   4.35  코스닥
 8  애니플러스         64.68  2.47   8.54   32.88  442      9  53    42  104    3,775    14,532     385     2.35  코스닥
 9  씨젠               62.15  1.19   4.23    7.27  6,572   10  28    27   65    27,800   47,778     171.9  16.84  코스닥
10  인텍플러스         55.58  2.67   9.31    8.01  1,515   11  55    47  113    14,100   12,135      86.1   2.07  코스닥
11  효성첨단소재       54.69  2.22   9.04   16.72  40,419  12  51    45  108    365,500  675,805    184.9   6.62  코스피
12  에이티넘인베스트   54.18  0.77   1.7     8.25  1,659   13   8     4   25    2,815    13,686     486.2   6.58  코스닥
13  오리엔트바이오     51.92  0.91   2.41  -41.94  266     14  13     9   36    640      -11,156  -1743.1   0.69  코스피
14  웅진               49.76  1.28   9.02    6.96  133     15  30    44   89    1,200    925         77.1   2.07  코스피
15  인카금융서비스     49.26  1.07   3.43    5.77  2,061   16  21    19   56    7,070    11,891     168.2   0.99  코스닥
16  라온테크           48.89  4.55  14.86    8.01  609     17  61    57  135    9,050    4,878       53.9   0.18  코스닥
17  주성엔지니어링     48.74  1.35   3.37    8.01  3,668   18  31.5  17   66.5  12,350   29,380     237.9  12.57  코스닥
18  동원금속           48.51  0.59   2.17   10.3   481     19   3     7   29    1,045    4,954      474.1   3.09  코스피
19  제놀루션           47.94  0.9    3.78   10.22  2,588   20  12    22   54    9,780    26,449     270.4   0.16  코스닥
20  에이피티씨         45.6   2.12   7.08    8.01  1,759   21  50    39  110    12,450   14,089     113.2   3.41  코스닥
21  코나아이           45.5   1.69   5.67   14.48  3,246   22  42    33   97    18,400   47,002     255.4   2.72  코스닥
22  디아이씨           45.03  1.42  10.85   10.3   371     23  34    52  109    4,025    3,821       94.9   1.99  코스피
23  우리로             44.64  0.99   4.04   51.18  318     24  15    25   64    1,285    16,275    1266.5   3.54  코스닥
24  수젠텍             44.14  1.06   2.69   10.22  3,852   25  19    11   55    10,350   39,367     380.4   0.43  코스닥
25  휴네시온           43.95  1.07   3.02   32.08  1,573   26  21    14   61    4,750    50,461    1062.3   0.81  코스닥
26  노바텍             42.97  1.73   9.81   15.13  2,366   27  44.5  48  119.5  23,200   35,797     154.3   1.12  코스닥
27  SGC이테크건설      39.96  0.4    1.31    6.25  30,679  28   2     3   33    40,150   191,743    477.6   4.02  코스닥
28  아프리카TV         39.9   3.98  13.65   22.88  6,383   29  57    55  141    87,100   146,043    167.7  19.48  코스닥
29  미래에셋벤처투자   38.03  0.75   2.72    8.25  1,648   30   7    12   49    4,485    13,596     303.1   1.88  코스닥
--  ----------------  ------  ----  -----  ------  ------  --  ----  --  -----  -------  -------  -------  -----  ------############################################################
         회사명     ROE 최근PBR  최근PER   업종PER   최근EPS  ROE_RANK  PBR_RANK  PER_RANK   RANK      현재가     예상시가     GAP  외국인비율 Market
0     우리기술투자  147.40  0.68   3.85    8.25   1,100       1.0       5.0      23.0   29.0    4,235    9,075   214.3   6.95    코스닥
1       휴마시스  120.63  1.47   2.05    7.27   8,977       2.0      35.0       6.0   43.0   18,400   65,262   354.7   7.73    코스닥
2     엑세스바이오  102.45  0.61   1.06    7.27  11,511       3.0       4.0       2.0    9.0   12,250   83,684   683.1   4.43    코스닥
3         성안   87.37  1.73   2.38    9.03     390       4.0      44.5       8.0   56.5      928    3,521   379.4   1.33    코스피
4      효성티앤씨   76.22  1.17  10.07    9.03  35,159       5.0      27.0      49.0   81.0  354,000  317,485    89.7   8.81    코스피
5      태웅로직스   70.54  0.93   1.79    1.18   2,883       6.0      14.0       5.0   25.0    5,150    3,401    66.0   0.57    코스닥
6      랩지노믹스   70.10  1.03   2.94    7.27   2,171       7.0      18.0      13.0   38.0    6,380   15,783   247.4   2.45    코스닥
7       위메이드   69.74  2.53   8.44   20.63   3,864       8.0      54.0      41.0  103.0   32,600   79,714   244.5   4.35    코스닥
8      애니플러스   64.68  2.47   8.54   32.88     442       9.0      53.0      42.0  104.0    3,775   14,532   385.0   2.35    코스닥
9         씨젠   62.15  1.19   4.23    7.27   6,572      10.0      28.0      27.0   65.0   27,800   47,778   171.9  16.84    코스닥
10     인텍플러스   55.58  2.67   9.31    8.01   1,515      11.0      55.0      47.0  113.0   14,100   12,135    86.1   2.07    코스닥
11    효성첨단소재   54.69  2.22   9.04   16.72  40,419      12.0      51.0      45.0  108.0  365,500  675,805   184.9   6.62    코스피
12  에이티넘인베스트   54.18  0.77   1.70    8.25   1,659      13.0       8.0       4.0   25.0    2,815   13,686   486.2   6.58    코스닥
13   오리엔트바이오   51.92  0.91   2.41  -41.94     266      14.0      13.0       9.0   36.0      640  -11,156 -1743.1   0.69    코스피
14        웅진   49.76  1.28   9.02    6.96     133      15.0      30.0      44.0   89.0    1,200      925    77.1   2.07    코스피
15   인카금융서비스   49.26  1.07   3.43    5.77   2,061      16.0      21.0      19.0   56.0    7,070   11,891   168.2   0.99    코스닥
16      라온테크   48.89  4.55  14.86    8.01     609      17.0      61.0      57.0  135.0    9,050    4,878    53.9   0.18    코스닥
17   주성엔지니어링   48.74  1.35   3.37    8.01   3,668      18.0      31.5      17.0   66.5   12,350   29,380   237.9  12.57    코스닥
18      동원금속   48.51  0.59   2.17   10.30     481      19.0       3.0       7.0   29.0    1,045    4,954   474.1   3.09    코스피
19      제놀루션   47.94  0.90   3.78   10.22   2,588      20.0      12.0      22.0   54.0    9,780   26,449   270.4   0.16    코스닥
20     에이피티씨   45.60  2.12   7.08    8.01   1,759      21.0      50.0      39.0  110.0   12,450   14,089   113.2   3.41    코스닥
21      코나아이   45.50  1.69   5.67   14.48   3,246      22.0      42.0      33.0   97.0   18,400   47,002   255.4   2.72    코스닥
22      디아이씨   45.03  1.42  10.85   10.30     371      23.0      34.0      52.0  109.0    4,025    3,821    94.9   1.99    코스피
23       우리로   44.64  0.99   4.04   51.18     318      24.0      15.0      25.0   64.0    1,285   16,275  1266.5   3.54    코스닥
24       수젠텍   44.14  1.06   2.69   10.22   3,852      25.0      19.0      11.0   55.0   10,350   39,367   380.4   0.43    코스닥
25      휴네시온   43.95  1.07   3.02   32.08   1,573      26.0      21.0      14.0   61.0    4,750   50,461  1062.3   0.81    코스닥
26       노바텍   42.97  1.73   9.81   15.13   2,366      27.0      44.5      48.0  119.5   23,200   35,797   154.3   1.12    코스닥
27  SGC이테크건설   39.96  0.40   1.31    6.25  30,679      28.0       2.0       3.0   33.0   40,150  191,743   477.6   4.02    코스닥
28    아프리카TV   39.90  3.98  13.65   22.88   6,383      29.0      57.0      55.0  141.0   87,100  146,043   167.7  19.48    코스닥
29  미래에셋벤처투자   38.03  0.75   2.72    8.25   1,648      30.0       7.0      12.0   49.0    4,485   13,596   303.1   1.88    코스닥

############################################################
# 기업명 : 태웅로직스 
############################################################

############################################################
# Dart_Naver_CompInfo Start
############################################################

https://finance.naver.com/item/coinfo.nhn?code=124560 
동사는 1996년 1월에 설립되어 국제물류주선업을 영업목적으로 하고 있음. 
20여년간 거래한 석유화학관련 대기업들을 주요 매출처로 확보하고 있으며, 지속적인 거래를 통한 노하우를 축적, 인적, 물적 인프라를 구축하여 안정적인 물량을 확보하고 있음. 
또한, 2020년 (주)지엘에스코리아를 인수하여 해외이주화물 및 전시화물 운송사업에 진출하였고, 주요고객들에게 해외이주 및 전시화물 운송 서비스를 제공할 수 있게 되었음. 

############################################################
# 동종 업계 비교
############################################################
https://finance.naver.com/item/main.nhn?code=124560 
[           종목명 태웅로직스*124560  HMM*011200  팬오션*028670 대한해운*005880 흥아해운*003280
0          현재가         5150       22050        5950        2190        1540
1         전일대비      상향  110   상향  1,200     상향  270      상향  90      상향  45
2          등락률   상향  +2.18%  상향  +5.76%  상향  +4.75%  상향  +4.29%  상향  +3.01%
3      시가총액(억)         1978      107833       31806        6989        3702
4     외국인비율(%)         0.57        9.53       16.85        6.93        0.72
5       매출액(억)         3334       51062       18365        4404         529
6      영업이익(억)          220       26010        2244         791         110
7    조정영업이익(억)          220       26010        2244         791         110
8   영업이익증가율(%)       -49.98      -11.44       -6.02       15.08       76.81
9     당기순이익(억)          229       26053        1668         690          73
10    주당순이익(원)       602.19     5327.34      312.03      209.38       28.45
11      ROE(%)        72.51       76.55       18.71       15.78      -12.47
12      PER(%)         1.79        0.94        4.08        2.99      -22.00
13      PBR(배)         0.93        0.49        0.64        0.39        2.80]

############################################################
# 실적 동향
############################################################
https://finance.naver.com/item/main.nhn?code=124560 
       주요재무정보 최근 연간 실적                              최근 분기 실적                                               
       주요재무정보  2019.12  2020.12  2021.12 2022.12(E)  2021.09  2021.12  2022.03  2022.06  2022.09 2022.12(E)
       주요재무정보   IFRS연결   IFRS연결   IFRS연결     IFRS연결   IFRS연결   IFRS연결   IFRS연결   IFRS연결   IFRS연결     IFRS연결
0         매출액  2861.00  3413.00  9390.00        NaN  2565.00  3352.00  3983.00  3690.00  3334.00        NaN
1        영업이익   150.00   147.00   793.00        NaN   250.00   300.00   335.00   439.00   220.00        NaN
2       당기순이익    96.00    79.00   639.00        NaN   211.00   226.00   277.00   380.00   229.00        NaN
3       영업이익률     5.24     4.29     8.44        NaN     9.77     8.96     8.40    11.90     6.59        NaN
4        순이익률     3.34     2.33     6.80        NaN     8.22     6.73     6.95    10.31     6.86        NaN
5   ROE(지배주주)    30.61    15.65    70.54        NaN    51.99    70.54    75.26    83.40    72.51        NaN
6        부채비율   112.02   107.21   170.62        NaN   178.45   170.62   147.70   102.20    92.03        NaN
7        당좌비율   122.84   128.09   126.48        NaN   126.97   126.48   139.52   150.04   156.20        NaN
8         유보율  2355.67  3086.55  6282.44        NaN  5127.46  6282.44  7686.74  4802.90  5405.09        NaN
9      EPS(원)   321.00   223.00  1658.00        NaN   547.00   587.00   701.00   992.00   602.00        NaN
10     PER(배)     8.12    11.81     2.70        NaN     3.75     2.70     2.21     1.85     1.54        NaN
11     BPS(원)  1215.00  1568.00  3225.00        NaN  2638.00  3225.00  3958.00  4844.00  5539.00        NaN
12     PBR(배)     2.14     1.68     1.39        NaN     1.41     1.36     1.19     1.08     0.80        NaN
13   주당배당금(원)    25.00    25.00    51.00        NaN      NaN      NaN      NaN      NaN      NaN        NaN
14   시가배당률(%)     0.98     0.97     1.14        NaN      NaN      NaN      NaN      NaN      NaN        NaN
15    배당성향(%)     8.81    11.97     2.95        NaN      NaN      NaN      NaN      NaN      NaN        NaN
--  --------------  -------  -------  -------  ---  -------  -------  -------  -------  -------  ---
 0  매출액          2861     3413     9390     nan  2565     3352     3983     3690     3334     nan
 1  영업이익         150      147      793     nan   250      300      335      439      220     nan
 2  당기순이익        96       79      639     nan   211      226      277      380      229     nan
 3  영업이익률         5.24     4.29     8.44  nan     9.77     8.96     8.4     11.9      6.59  nan
 4  순이익률           3.34     2.33     6.8   nan     8.22     6.73     6.95    10.31     6.86  nan
 5  ROE(지배주주)     30.61    15.65    70.54  nan    51.99    70.54    75.26    83.4     72.51  nan
 6  부채비율         112.02   107.21   170.62  nan   178.45   170.62   147.7    102.2     92.03  nan
 7  당좌비율         122.84   128.09   126.48  nan   126.97   126.48   139.52   150.04   156.2   nan
 8  유보율          2355.67  3086.55  6282.44  nan  5127.46  6282.44  7686.74  4802.9   5405.09  nan
 9  EPS(원)          321      223     1658     nan   547      587      701      992      602     nan
10  PER(배)            8.12    11.81     2.7   nan     3.75     2.7      2.21     1.85     1.54  nan
11  BPS(원)         1215     1568     3225     nan  2638     3225     3958     4844     5539     nan
12  PBR(배)            2.14     1.68     1.39  nan     1.41     1.36     1.19     1.08     0.8   nan
13  주당배당금(원)    25       25       51     nan   nan      nan      nan      nan      nan     nan
14  시가배당률(%)      0.98     0.97     1.14  nan   nan      nan      nan      nan      nan     nan
15  배당성향(%)        8.81    11.97     2.95  nan   nan      nan      nan      nan      nan     nan
--  --------------  -------  -------  -------  ---  -------  -------  -------  -------  -------  ---

############################################################
# 공시보고 전체 리스트
############################################################
http://opendart.fss.or.kr/api/list.json?crtfc_key=0fcb8ef56cf8e8b996d47937a8fea5aba8c8d1be&corp_code=00562245&bgn_de=20100101&end_de=20221210&pblntf_ty=A&page_count=100 
